FoamFile
{
    version 2.0;
    format ascii;
    class vectorField;
    location "constant/polyMesh";
    object points;
}

18
(
(0.0000000000000000 0.0000000000000000 0.0000000000000000)
(0.5000000000000000 0.0000000000000000 0.0000000000000000)
(1.0000000000000000 0.0000000000000000 0.0000000000000000)
(0.0000000000000000 0.5000000000000000 0.0000000000000000)
(0.5000000000000000 0.5000000000000000 0.0000000000000000)
(1.0000000000000000 0.5000000000000000 0.0000000000000000)
(0.0000000000000000 1.0000000000000000 0.0000000000000000)
(0.5000000000000000 1.0000000000000000 0.0000000000000000)
(1.0000000000000000 1.0000000000000000 0.0000000000000000)
(0.0000000000000000 0.0000000000000000 0.1000000000000000)
(0.5000000000000000 0.0000000000000000 0.1000000000000000)
(1.0000000000000000 0.0000000000000000 0.1000000000000000)
(0.0000000000000000 0.5000000000000000 0.1000000000000000)
(0.5000000000000000 0.5000000000000000 0.1000000000000000)
(1.0000000000000000 0.5000000000000000 0.1000000000000000)
(0.0000000000000000 1.0000000000000000 0.1000000000000000)
(0.5000000000000000 1.0000000000000000 0.1000000000000000)
(1.0000000000000000 1.0000000000000000 0.1000000000000000)
)
