FoamFile
{
    version 2.0;
    format ascii;
    class volVectorField;
    location "0";
    object U;
}

dimensions [0 1 -1 0 0 0 0];

internalField uniform (0.02 0 0);

boundaryField
{
    inlet
    {
        type fixedValue;
        value nonuniform List<vector>
        192
        (
            (0.038961068565120736 0 0)
            (0.038961068565120736 0 0)
            (0.038961068565120736 0 0)
            (0.038961068565120736 0 0)
            (0.038961068565120736 0 0)
            (0.038961068565120736 0 0)
            (0.038961068565120736 0 0)
            (0.038961068565120736 0 0)
            (0.038961068565120736 0 0)
            (0.038961068565120736 0 0)
            (0.038961068565120736 0 0)
            (0.038961068565120736 0 0)
            (0.038961068565120736 0 0)
            (0.038961068565120736 0 0)
            (0.038961068565120736 0 0)
            (0.038961068565120736 0 0)
            (0.038961068565120736 0 0)
            (0.038961068565120736 0 0)
            (0.038961068565120736 0 0)
            (0.038961068565120736 0 0)
            (0.038961068565120736 0 0)
            (0.038961068565120736 0 0)
            (0.038961068565120736 0 0)
            (0.038961068565120736 0 0)
            (0.038961068565120736 0 0)
            (0.038961068565120736 0 0)
            (0.038961068565120736 0 0)
            (0.038961068565120736 0 0)
            (0.038961068565120736 0 0)
            (0.038961068565120736 0 0)
            (0.038961068565120736 0 0)
            (0.038961068565120736 0 0)
            (0.036817617334166886 0 0)
            (0.036817617334166886 0 0)
            (0.036817617334166892 0 0)
            (0.036817617334166886 0 0)
            (0.036817617334166886 0 0)
            (0.036817617334166886 0 0)
            (0.036817617334166886 0 0)
            (0.036817617334166886 0 0)
            (0.036817617334166886 0 0)
            (0.036817617334166886 0 0)
            (0.036817617334166886 0 0)
            (0.036817617334166886 0 0)
            (0.036817617334166886 0 0)
            (0.036817617334166886 0 0)
            (0.036817617334166886 0 0)
            (0.036817617334166886 0 0)
            (0.036817617334166886 0 0)
            (0.036817617334166886 0 0)
            (0.036817617334166886 0 0)
            (0.036817617334166886 0 0)
            (0.036817617334166886 0 0)
            (0.036817617334166886 0 0)
            (0.036817617334166886 0 0)
            (0.036817617334166886 0 0)
            (0.036817617334166886 0 0)
            (0.036817617334166886 0 0)
            (0.036817617334166886 0 0)
            (0.036817617334166886 0 0)
            (0.036817617334166892 0 0)
            (0.036817617334166886 0 0)
            (0.036817617334166886 0 0)
            (0.036817617334166886 0 0)
            (0.032479272042716306 0 0)
            (0.032479272042716306 0 0)
            (0.032479272042716306 0 0)
            (0.032479272042716306 0 0)
            (0.032479272042716306 0 0)
            (0.032479272042716306 0 0)
            (0.032479272042716306 0 0)
            (0.032479272042716306 0 0)
            (0.032479272042716306 0 0)
            (0.032479272042716306 0 0)
            (0.032479272042716306 0 0)
            (0.032479272042716306 0 0)
            (0.032479272042716306 0 0)
            (0.032479272042716306 0 0)
            (0.032479272042716306 0 0)
            (0.032479272042716306 0 0)
            (0.032479272042716306 0 0)
            (0.032479272042716306 0 0)
            (0.032479272042716306 0 0)
            (0.032479272042716306 0 0)
            (0.032479272042716306 0 0)
            (0.032479272042716306 0 0)
            (0.032479272042716306 0 0)
            (0.032479272042716306 0 0)
            (0.032479272042716306 0 0)
            (0.032479272042716306 0 0)
            (0.032479272042716306 0 0)
            (0.032479272042716306 0 0)
            (0.032479272042716306 0 0)
            (0.032479272042716306 0 0)
            (0.032479272042716306 0 0)
            (0.032479272042716306 0 0)
            (0.025969129471380074 0 0)
            (0.025969129471380081 0 0)
            (0.025969129471380081 0 0)
            (0.025969129471380081 0 0)
            (0.025969129471380081 0 0)
            (0.025969129471380081 0 0)
            (0.025969129471380081 0 0)
            (0.025969129471380074 0 0)
            (0.025969129471380074 0 0)
            (0.025969129471380081 0 0)
            (0.025969129471380074 0 0)
            (0.025969129471380074 0 0)
            (0.025969129471380074 0 0)
            (0.025969129471380074 0 0)
            (0.025969129471380074 0 0)
            (0.025969129471380074 0 0)
            (0.025969129471380074 0 0)
            (0.025969129471380081 0 0)
            (0.025969129471380074 0 0)
            (0.025969129471380074 0 0)
            (0.025969129471380081 0 0)
            (0.025969129471380081 0 0)
            (0.025969129471380081 0 0)
            (0.025969129471380085 0 0)
            (0.025969129471380074 0 0)
            (0.025969129471380081 0 0)
            (0.025969129471380081 0 0)
            (0.025969129471380081 0 0)
            (0.025969129471380081 0 0)
            (0.025969129471380081 0 0)
            (0.025969129471380081 0 0)
            (0.025969129471380074 0 0)
            (0.017288395007698524 0 0)
            (0.017288395007698517 0 0)
            (0.017288395007698524 0 0)
            (0.017288395007698524 0 0)
            (0.017288395007698517 0 0)
            (0.017288395007698524 0 0)
            (0.017288395007698517 0 0)
            (0.017288395007698524 0 0)
            (0.017288395007698524 0 0)
            (0.017288395007698517 0 0)
            (0.017288395007698517 0 0)
            (0.017288395007698524 0 0)
            (0.017288395007698524 0 0)
            (0.017288395007698517 0 0)
            (0.017288395007698517 0 0)
            (0.017288395007698524 0 0)
            (0.017288395007698524 0 0)
            (0.017288395007698517 0 0)
            (0.017288395007698514 0 0)
            (0.017288395007698517 0 0)
            (0.017288395007698517 0 0)
            (0.017288395007698517 0 0)
            (0.017288395007698517 0 0)
            (0.017288395007698524 0 0)
            (0.017288395007698524 0 0)
            (0.017288395007698524 0 0)
            (0.017288395007698517 0 0)
            (0.017288395007698524 0 0)
            (0.017288395007698524 0 0)
            (0.017288395007698517 0 0)
            (0.017288395007698517 0 0)
            (0.017288395007698524 0 0)
            (0.0064372961681681681 0 0)
            (0.0064372961681681681 0 0)
            (0.0064372961681681724 0 0)
            (0.0064372961681681724 0 0)
            (0.0064372961681681724 0 0)
            (0.0064372961681681681 0 0)
            (0.0064372961681681681 0 0)
            (0.0064372961681681681 0 0)
            (0.0064372961681681681 0 0)
            (0.0064372961681681681 0 0)
            (0.0064372961681681724 0 0)
            (0.0064372961681681724 0 0)
            (0.0064372961681681724 0 0)
            (0.0064372961681681681 0 0)
            (0.0064372961681681638 0 0)
            (0.0064372961681681681 0 0)
            (0.0064372961681681681 0 0)
            (0.0064372961681681681 0 0)
            (0.0064372961681681724 0 0)
            (0.0064372961681681724 0 0)
            (0.0064372961681681681 0 0)
            (0.0064372961681681724 0 0)
            (0.0064372961681681681 0 0)
            (0.0064372961681681811 0 0)
            (0.0064372961681681681 0 0)
            (0.0064372961681681724 0 0)
            (0.0064372961681681724 0 0)
            (0.0064372961681681724 0 0)
            (0.0064372961681681724 0 0)
            (0.0064372961681681724 0 0)
            (0.0064372961681681681 0 0)
            (0.0064372961681681811 0 0)
        );
    }
    outlet
    {
        type zeroGradient;
    }
    wall
    {
        type noSlip;
    }
}
